FINAL COMPARISON
===================================================================================================================
     Users        User Latency      Server Latency         User Acc.       Server Acc.         User Eff.       Server Eff.
-------------------------------------------------------------------------------------------------------------------
       100             17.7492             16.6822           62.3326           53.3298          3.832622          3.408679
       200             32.7949             29.2335           62.6886           53.6872          2.101377          1.883112
       400             64.9918             65.3244           63.3882           54.4143          1.006892          0.875814
       600            111.8460            108.7512           64.0906           55.1054          0.638201          0.576107
       800            142.4794            122.6865           64.7770           55.8040          0.517630          0.469979
      1000            225.2402            200.1938           65.5088           56.5470          0.370193          0.320450

FINAL COMPARISON
===================================================================================================================
     Users        User Latency      Server Latency         User Acc.       Server Acc.         User Eff.       Server Eff.
-------------------------------------------------------------------------------------------------------------------
       100             20.8003             20.5759           62.3326           53.3298          3.178442          2.775330
       200             43.1939             38.6860           62.6886           53.6872          1.624223          1.450171
       400             82.8201             66.7397           63.3882           54.4143          0.982951          0.881296
       600             79.0197             79.4428           64.0906           55.1054          0.812748          0.696120
       800            122.8119            123.0624           64.7770           55.8040          0.537263          0.459836
      1000            132.8589            130.4493           65.5088           56.5470          0.497944          0.436182

===================================================================================================================
FINAL COMPARISON
===================================================================================================================
     Users        User Latency      Server Latency         User Acc.       Server Acc.         User Eff.       Server Eff.
-------------------------------------------------------------------------------------------------------------------
       100             16.0634             18.7907           62.3326           53.3298          4.153486          3.315948
       200             35.0624             28.7099           62.6886           53.6872          2.007194          1.923862
       400             61.3658             56.2285           63.3882           54.4143          1.075061          0.981355
       600             92.6577             84.2059           64.0906           55.1054          0.716258          0.660124
       800            107.0578            103.5404           64.7770           55.8040          0.610717          0.539294
      1000            136.0977            137.7954           65.5088           56.5470          0.486297          0.415161

===================================================================================================================
FINAL COMPARISON
===================================================================================================================
     Users        User Latency      Server Latency         User Acc.       Server Acc.         User Eff.       Server Eff.
-------------------------------------------------------------------------------------------------------------------
       100             18.4063             22.3637           62.3326           53.3298          3.764012          2.996306
       200             47.0632             47.3078           62.6886           53.6872          1.602195          1.377037
       400             68.6414             75.0498           63.3882           54.4143          0.993725          0.793593
       600             88.6213             83.4088           64.0906           55.1054          0.744478          0.666358
       800            104.5512             99.4916           64.7770           55.8040          0.623803          0.561060
      1000            131.4000            128.9399           65.5088           56.5470          0.504807          0.441136

===================================================================================================================
FINAL COMPARISON
===================================================================================================================
     Users        User Latency      Server Latency         User Acc.       Server Acc.         User Eff.       Server Eff.
-------------------------------------------------------------------------------------------------------------------
       100             19.5202             16.8223           62.3326           53.3298          3.449391          3.249852
       200             37.9216             41.3776           62.6886           53.6872          1.800359          1.518894
       400             61.7580             56.3554           63.3882           54.4143          1.065747          0.978332
       600            119.3827            119.2338           64.0906           55.1054          0.587559          0.496373
       800            111.8062            109.1468           64.7770           55.8040          0.587301          0.513758
      1000            128.2785            124.9262           65.5088           56.5470          0.512621          0.452893


====================================================================================================

===================================================================================================================
FINAL COMPARISON
===================================================================================================================
     Users        User Latency      Server Latency         User Acc.       Server Acc.         User Eff.       Server Eff.
-------------------------------------------------------------------------------------------------------------------
       100             41.0513             33.8219           72.3315           72.4842          2.034546          2.358749
       200             55.1426             47.4587           72.6833           72.8136          1.413160          1.560859
       400             99.3259             92.4209           73.3920           73.5527          0.766626          0.808823
       600            134.0065            138.0409           74.0740           74.2697          0.556162          0.556433
       800            180.0381            190.7078           74.8014           74.9438          0.419588          0.407573
      1000            219.9880            222.7175           75.4928           75.6660          0.346460          0.341117

